56,0
56,1
56,2
56,3
56,4
45,5
56,6
56,7
56,8
56,9
56,10
43,11
56,12
45,13
56,14
56,15
56,16
56,17
56,18
56,19
56,20
56,21
56,22
56,23
56,24
56,25
56,26
56,27
56,28
43,29
56,30
56,31
56,32
56,33
56,34
56,35
56,36
56,37
56,38
56,39
56,40
56,41
56,42
56,43
56,44
56,45
56,46
56,47
56,48
56,49
56,50
45,51
56,52
56,53
45,54
56,55
56,56
45,57
56,58
56,59
43,0
56,1
56,2
45,3
56,4
56,5
56,6
56,7
56,8
56,9
45,10
43,11
56,12
45,13
45,14
45,15
56,16
56,17
56,18
56,19
56,20
45,21
56,22
56,23
56,24
56,25
56,26
56,27
56,28
28,29
28,30
28,31
45,32
43,33
56,34
45,35
43,36
45,37
45,38
15,39
43,40
45,41
45,42
45,43
43,44
43,45
45,46
45,47
45,48
56,49
56,50
45,51
56,52
56,53
56,54
56,55
56,56
56,57
45,58
56,59
56,0
56,1
56,2
56,3
56,4
56,5
56,6
56,7
56,8
56,9
56,10
56,11
56,12
45,13
56,14
56,15
56,16
56,17
56,18
56,19
56,20
56,21
56,22
56,23
56,24
56,25
56,26
56,27
56,28
43,29
56,30
56,31
56,32
56,33
56,34
56,35
56,36
56,37
56,38
45,39
56,40
56,41
56,42
56,43
56,44
56,45
56,46
56,47
56,48
56,49
56,50
45,51
56,52
56,53
45,54
56,55
56,56
56,57
45,58
56,59
56,0
56,1
56,2
56,3
56,4
56,5
56,6
45,7
56,8
56,9
56,10
56,11
56,12
45,13
45,14
45,15
56,16
56,17
56,18
56,19
56,20
45,21
56,22
56,23
56,24
56,25
56,26
56,27
56,28
56,29
56,30
56,31
56,32
56,33
56,34
56,35
56,36
56,37
56,38
56,39
56,40
56,41
56,42
56,43
56,44
56,45
56,46
45,47
56,48
56,49
56,50
45,51
56,52
56,53
45,54
45,55
56,56
56,57
45,58
45,59
56,0
56,1
56,2
56,3
56,4
56,5
56,6
56,7
56,8
56,9
56,10
56,11
56,12
45,13
56,14
45,15
56,16
56,17
56,18
56,19
56,20
56,21
56,22
56,23
56,24
56,25
56,26
56,27
56,28
56,29
56,30
56,31
56,32
56,33
56,34
56,35
56,36
56,37
56,38
56,39
56,40
45,41
56,42
56,43
56,44
56,45
56,46
56,47
56,48
56,49
56,50
56,51
56,52
56,53
45,54
56,55
56,56
56,57
45,58
45,59
56,0
56,1
43,2
45,3
56,4
56,5
56,6
45,7
56,8
56,9
56,10
43,11
45,12
45,13
45,14
45,15
56,16
56,17
45,18
45,19
56,20
45,21
45,22
56,23
56,24
56,25
56,26
56,27
56,28
56,29
56,30
56,31
56,32
45,33
56,34
56,35
56,36
56,37
56,38
56,39
56,40
56,41
56,42
56,43
56,44
56,45
56,46
45,47
56,48
56,49
56,50
56,51
56,52
56,53
45,54
45,55
56,56
45,57
45,58
45,59
56,0
56,1
56,2
56,3
56,4
56,5
56,6
45,7
56,8
56,9
56,10
56,11
56,12
45,13
56,14
56,15
56,16
56,17
56,18
56,19
56,20
45,21
56,22
56,23
56,24
56,25
45,26
56,27
56,28
56,29
56,30
56,31
56,32
56,33
56,34
56,35
56,36
56,37
56,38
56,39
56,40
45,41
56,42
56,43
56,44
56,45
56,46
45,47
56,48
56,49
56,50
56,51
56,52
56,53
45,54
56,55
56,56
45,57
45,58
45,59
56,0
56,1
56,2
56,3
56,4
56,5
56,6
56,7
56,8
56,9
43,10
56,11
45,12
45,13
56,14
56,15
56,16
56,17
56,18
56,19
56,20
45,21
45,22
56,23
56,24
56,25
56,26
45,27
56,28
56,29
56,30
43,31
56,32
45,33
56,34
56,35
56,36
56,37
56,38
56,39
56,40
56,41
56,42
56,43
56,44
56,45
56,46
56,47
56,48
56,49
56,50
45,51
56,52
56,53
45,54
45,55
45,56
45,57
45,58
56,59
56,0
45,1
56,2
56,3
56,4
56,5
45,6
56,7
56,8
56,9
56,10
56,11
56,12
45,13
56,14
56,15
56,16
56,17
56,18
45,19
56,20
45,21
56,22
56,23
56,24
56,25
45,26
56,27
56,28
43,29
56,30
56,31
56,32
56,33
56,34
56,35
56,36
56,37
56,38
56,39
56,40
56,41
45,42
56,43
56,44
56,45
56,46
56,47
56,48
56,49
56,50
45,51
56,52
56,53
45,54
45,55
56,56
45,57
56,58
45,59
56,0
56,1
56,2
56,3
56,4
56,5
56,6
56,7
56,8
56,9
56,10
56,11
45,12
45,13
45,14
56,15
56,16
56,17
56,18
56,19
56,20
45,21
56,22
56,23
56,24
56,25
45,26
56,27
56,28
56,29
56,30
43,31
56,32
56,33
56,34
56,35
56,36
56,37
56,38
56,39
56,40
45,41
56,42
56,43
56,44
56,45
56,46
56,47
56,48
25,49
56,50
16,51
56,52
56,53
45,54
45,55
45,56
56,57
45,58
56,59
56,0
56,1
56,2
56,3
56,4
45,5
56,6
56,7
56,8
56,9
56,10
43,11
56,12
45,13
56,14
56,15
56,16
56,17
56,18
56,19
56,20
56,21
56,22
56,23
56,24
56,25
45,26
56,27
56,28
43,29
56,30
56,31
56,32
56,33
56,34
56,35
56,36
56,37
56,38
56,39
56,40
45,41
45,42
56,43
56,44
56,45
56,46
45,47
56,48
56,49
56,50
56,51
56,52
56,53
45,54
56,55
56,56
45,57
45,58
45,59
56,0
45,1
56,2
45,3
56,4
56,5
45,6
56,7
56,8
56,9
56,10
56,11
45,12
56,13
45,14
56,15
56,16
56,17
45,18
45,19
45,20
45,21
45,22
56,23
56,24
56,25
45,26
56,27
56,28
56,29
56,30
43,31
56,32
45,33
56,34
56,35
56,36
45,37
56,38
45,39
56,40
45,41
56,42
56,43
56,44
56,45
56,46
56,47
56,48
56,49
56,50
45,51
43,52
56,53
45,54
45,55
45,56
56,57
56,58
45,59
56,0
56,1
56,2
56,3
56,4
56,5
56,6
56,7
56,8
56,9
56,10
56,11
56,12
45,13
45,14
45,15
56,16
56,17
56,18
56,19
56,20
56,21
56,22
56,23
56,24
56,25
45,26
56,27
56,28
56,29
56,30
56,31
56,32
56,33
56,34
56,35
43,36
56,37
56,38
56,39
56,40
56,41
56,42
43,43
43,44
56,45
43,46
56,47
56,48
16,49
56,50
56,51
56,52
56,53
45,54
56,55
56,56
45,57
56,58
56,59
56,0
56,1
56,2
56,3
56,4
56,5
56,6
56,7
56,8
56,9
56,10
56,11
56,12
56,13
56,14
56,15
56,16
56,17
56,18
56,19
56,20
56,21
56,22
56,23
56,24
56,25
45,26
56,27
56,28
56,29
56,30
56,31
56,32
45,33
56,34
56,35
56,36
56,37
56,38
56,39
56,40
56,41
56,42
56,43
56,44
56,45
56,46
56,47
56,48
56,49
56,50
45,51
56,52
56,53
45,54
56,55
56,56
45,57
56,58
45,59
56,0
56,1
56,2
56,3
56,4
56,5
56,6
56,7
56,8
56,9
56,10
43,11
45,13
45,14
45,15
56,16
56,17
56,18
56,19
56,20
45,21
56,22
56,23
56,24
56,25
56,26
56,27
56,28
43,29
56,30
56,31
56,32
56,33
56,34
56,35
56,36
56,37
56,38
56,39
56,40
45,41
56,42
56,43
56,44
56,45
56,46
56,47
56,48
56,49
56,50
56,51
56,52
56,53
45,54
45,55
56,56
56,57
45,58
56,59
56,0
56,1
56,2
56,3
56,4
45,5
56,6
56,7
56,8
56,9
56,10
56,11
56,12
45,13
56,14
56,15
56,16
56,17
56,18
56,19
56,20
45,21
56,22
56,23
56,24
56,25
45,26
56,27
56,28
56,29
56,30
56,31
56,32
45,33
56,34
56,35
56,36
56,37
56,38
56,39
56,40
56,41
56,42
56,43
56,44
56,45
56,46
56,47
56,48
56,49
56,50
45,51
56,52
56,53
45,54
45,55
56,56
56,57
56,58
45,59
56,0
56,1
56,2
56,3
56,4
56,5
56,6
56,7
56,8
56,9
56,10
43,11
56,12
45,13
45,14
45,15
56,16
56,17
56,18
56,19
56,20
56,21
56,22
56,23
56,24
56,25
45,26
56,27
56,28
56,29
56,30
56,31
56,32
56,33
56,34
45,35
45,36
56,37
56,38
56,39
56,40
25,41
45,42
56,43
43,44
56,45
56,46
56,47
56,48
56,49
56,50
45,51
56,52
56,53
45,54
45,55
56,56
56,57
56,58
45,59
56,0
45,1
56,2
56,3
56,4
56,5
56,6
56,7
56,8
56,9
56,10
56,11
56,12
45,13
56,14
56,15
56,16
56,17
56,18
56,19
56,20
45,21
56,22
56,23
56,24
56,25
56,26
56,27
56,28
56,29
56,30
56,31
56,32
56,33
56,34
56,35
56,36
56,37
56,38
56,39
56,40
56,41
56,42
56,43
56,44
56,45
56,46
56,47
56,48
56,49
56,50
45,51
56,52
56,53
45,54
45,55
45,56
56,57
45,58
45,59
56,0
56,1
56,2
45,3
56,4
56,5
56,6
56,7
56,8
56,9
56,10
56,11
56,12
45,13
56,14
56,15
56,16
56,17
56,18
45,19
56,20
45,21
45,22
56,23
56,24
56,25
45,26
56,27
56,28
56,29
56,30
56,31
56,32
56,33
56,34
56,35
56,36
56,37
56,38
56,39
56,40
45,41
56,42
56,43
56,44
56,45
56,46
45,47
56,48
56,49
56,50
45,51
43,52
56,53
45,54
56,55
56,56
45,57
56,58
45,59
56,0
56,1
56,2
56,3
56,4
56,5
56,6
56,7
56,8
45,9
56,10
56,11
45,12
45,13
56,14
56,15
56,16
56,17
56,18
45,19
56,20
45,21
45,22
56,23
56,24
45,25
56,26
56,27
56,28
56,29
56,30
56,31
56,32
56,33
56,34
56,35
45,36
56,37
56,38
56,39
56,40
56,41
56,42
56,43
56,44
56,45
56,46
45,47
56,48
45,49
56,50
56,51
45,52
45,53
56,54
45,55
56,56
25,57
45,58
45,59
56,0
56,1
56,2
45,3
56,4
45,5
45,6
56,7
56,8
45,9
56,10
56,11
56,12
45,13
56,14
56,15
56,16
56,17
56,18
56,19
56,20
56,21
45,22
56,23
56,24
56,25
45,26
56,27
56,28
56,29
56,30
56,31
56,32
56,33
56,34
56,35
56,36
56,37
56,38
56,39
56,40
45,41
56,42
56,43
56,44
56,45
56,46
45,47
56,48
56,49
56,50
56,51
43,52
45,53
45,54
56,55
56,56
56,57
45,58
56,59
56,0
56,1
56,2
56,3
56,4
45,5
56,6
56,7
56,8
45,9
56,10
56,11
56,12
45,13
45,14
56,15
56,16
56,17
56,18
45,19
56,20
45,21
56,22
56,23
56,24
45,25
56,26
56,27
56,28
56,29
56,30
56,31
56,32
56,33
56,34
56,35
45,36
56,37
56,38
56,39
56,40
56,41
56,42
56,43
56,44
56,45
56,46
56,47
56,48
56,49
56,50
45,51
45,52
56,53
45,54
45,55
56,56
45,57
56,58
45,59
56,0
56,1
56,2
56,3
56,4
56,5
56,6
56,7
56,8
56,9
56,10
56,11
56,12
45,13
45,14
56,15
56,16
56,17
56,18
56,19
56,20
56,21
45,22
56,23
56,24
56,25
56,26
56,27
56,28
56,29
56,30
56,31
56,32
45,33
56,34
56,35
56,36
56,37
56,38
56,39
56,40
56,41
56,42
56,43
56,44
56,45
56,46
45,47
56,48
56,49
56,50
56,51
56,52
56,53
45,54
56,55
45,56
56,57
56,58
45,59
56,0
56,1
56,2
56,3
56,4
56,5
56,6
45,7
56,8
45,9
43,10
43,11
56,12
45,13
56,14
45,15
56,16
56,17
56,18
45,19
56,20
45,21
45,22
56,23
56,24
56,25
45,26
56,27
56,28
56,29
56,30
45,31
56,32
45,33
56,34
56,35
45,36
56,37
45,38
56,39
45,40
45,41
45,42
56,43
56,44
56,45
56,46
45,47
56,48
56,49
56,50
45,51
45,52
45,53
45,54
45,55
45,56
45,57
45,58
45,59
56,0
56,1
56,2
56,3
56,4
56,5
56,6
56,7
56,8
56,9
56,10
56,11
56,12
56,13
56,14
56,15
56,16
56,17
56,18
56,19
56,20
45,21
56,22
56,23
56,24
56,25
56,26
56,27
56,28
56,29
56,30
56,31
56,32
56,33
56,34
56,35
45,36
56,37
56,38
56,39
56,40
56,41
56,42
56,43
56,44
56,45
56,46
56,47
56,48
56,49
56,50
56,51
56,52
56,53
45,54
45,55
56,56
45,57
56,58
45,59
43,0
56,1
56,2
56,3
56,4
56,5
56,6
56,7
56,8
56,9
45,10
56,11
45,12
45,13
56,14
45,15
56,16
56,17
56,18
56,19
56,20
45,21
56,22
25,23
56,24
25,25
25,26
45,27
43,28
43,29
56,30
45,31
45,32
45,33
56,34
25,35
45,36
45,37
56,38
56,39
43,40
16,41
25,42
45,43
45,44
45,45
45,46
25,47
45,48
56,49
56,50
25,51
56,52
56,53
45,54
56,55
56,56
45,57
45,58
45,59
56,0
56,1
56,2
56,3
56,4
56,5
56,6
56,8
56,9
45,10
56,11
56,12
45,13
56,14
56,15
56,16
56,17
56,18
56,19
56,20
45,21
56,22
56,23
56,24
45,25
56,26
56,27
43,28
43,29
56,30
56,31
56,32
56,33
56,34
56,35
45,36
56,37
56,38
56,39
56,40
56,41
56,42
56,43
56,44
56,45
56,46
56,47
45,48
45,49
56,50
45,51
56,52
45,53
45,54
56,55
56,56
56,57
45,58
45,59
56,0
56,1
56,2
56,3
56,4
56,5
56,6
56,7
56,8
56,9
45,10
56,11
56,12
45,13
45,14
56,15
45,16
56,17
56,18
56,19
56,20
45,21
56,22
45,23
56,24
56,25
56,26
56,27
56,28
56,29
56,30
56,31
56,32
56,33
56,34
56,35
56,36
56,37
56,38
56,39
56,40
56,41
56,42
56,43
45,44
56,45
56,46
45,47
56,48
56,49
56,50
56,51
56,52
56,53
45,54
56,55
56,56
45,57
45,58
16,59
56,0
56,1
56,2
56,3
56,4
56,5
56,6
56,7
56,8
56,9
56,10
43,11
56,12
45,13
56,14
56,15
56,16
56,17
56,18
56,19
56,20
56,21
56,22
56,23
56,24
45,25
56,26
56,27
56,28
56,29
56,30
56,31
56,32
56,33
56,34
56,35
45,36
56,37
56,38
56,39
56,40
56,41
56,42
56,43
56,44
56,45
56,46
56,47
56,48
56,49
56,50
56,51
56,52
56,53
45,54
56,55
56,56
56,57
45,58
45,59
56,0
56,1
45,2
45,3
56,4
56,5
56,6
56,8
56,9
56,10
43,11
45,12
45,13
56,14
45,15
56,16
56,17
56,18
56,19
56,20
45,21
56,22
56,23
56,24
56,25
56,26
56,27
56,28
56,29
56,30
56,31
56,32
56,33
56,34
56,35
56,36
56,37
56,38
56,39
56,40
56,41
56,42
56,43
56,44
56,45
56,46
56,47
56,48
56,49
56,50
56,51
56,52
56,53
45,54
56,55
56,56
45,57
56,58
45,59
56,0
56,1
56,2
56,3
56,4
56,5
56,6
56,7
56,8
43,9
56,10
43,11
56,12
45,13
28,14
43,15
45,16
56,17
56,18
56,19
56,20
56,21
45,22
56,23
56,24
56,25
56,26
56,27
56,28
56,29
56,30
56,31
56,32
56,33
56,34
56,35
56,36
56,37
56,38
56,39
56,40
45,41
56,42
56,43
56,44
56,45
56,46
45,47
56,48
45,49
45,50
45,51
56,52
45,53
45,54
56,55
45,56
56,57
45,58
45,59
56,0
56,1
56,2
56,3
56,4
45,5
56,6
56,7
56,8
56,9
56,10
56,11
56,12
45,13
45,14
45,15
56,16
56,17
56,18
56,19
56,20
56,21
56,22
56,23
45,24
28,25
45,26
56,27
28,28
28,29
45,30
45,31
45,32
43,33
56,34
43,35
45,36
43,37
45,38
45,39
45,40
45,41
45,42
45,43
56,44
56,45
45,46
45,47
45,48
45,49
56,50
45,51
56,52
45,53
45,54
56,55
45,56
56,57
45,58
56,59
56,0
56,1
56,2
45,3
56,4
56,5
56,6
45,7
56,8
56,9
56,10
56,11
45,12
45,13
45,14
56,15
45,16
56,17
56,18
45,19
56,20
56,21
56,22
56,23
56,24
56,25
56,26
56,27
56,28
56,29
45,30
56,31
56,32
56,33
56,34
56,35
56,36
56,37
56,38
56,39
56,40
45,41
56,42
56,43
56,44
56,45
56,46
45,47
45,48
56,49
45,50
45,51
56,52
45,53
45,54
56,55
56,56
45,57
45,58
45,59
56,0
56,1
56,2
56,3
56,4
56,5
56,6
56,7
56,8
56,9
56,10
56,11
56,12
56,13
45,14
56,15
56,16
56,17
56,18
45,19
56,20
56,21
56,22
56,23
56,24
56,25
45,26
56,27
56,28
56,29
56,30
56,31
56,32
56,33
56,34
56,35
56,36
56,37
56,38
56,39
56,40
45,41
56,42
56,43
56,44
56,45
56,46
45,47
56,48
45,49
56,50
45,51
56,52
56,53
45,54
56,55
56,56
56,57
45,58
56,59
56,0
56,1
56,2
56,3
56,4
56,5
56,6
56,7
56,8
56,9
56,10
56,11
45,12
56,13
56,14
56,15
56,16
56,17
56,18
56,19
56,20
56,21
56,22
56,23
56,24
56,25
56,26
56,27
56,28
43,29
56,30
56,31
56,32
56,33
56,34
56,35
56,36
56,37
56,38
56,39
56,40
56,41
56,42
56,43
56,44
56,45
56,46
45,47
56,48
56,49
45,50
56,51
56,52
56,53
45,54
56,55
56,56
45,57
56,58
45,59
56,0
56,1
56,2
56,3
56,4
56,5
56,6
45,7
56,8
45,9
56,10
56,11
56,12
45,13
56,14
56,15
56,16
56,17
56,18
56,19
56,20
45,21
56,22
56,23
56,24
45,25
45,26
56,27
56,28
43,29
56,30
56,31
56,32
56,33
56,34
56,35
56,36
56,37
56,38
56,39
56,40
56,41
56,42
56,43
56,44
56,45
56,46
45,47
56,48
56,49
56,50
45,51
56,52
56,53
45,54
56,55
45,56
56,57
56,58
56,59
56,0
56,1
56,2
45,3
56,4
56,5
56,6
56,7
56,8
56,9
56,10
56,11
45,12
56,13
56,14
45,15
56,16
56,17
56,18
56,19
56,20
56,21
45,22
56,23
56,24
56,25
45,26
56,27
56,28
56,29
56,30
56,31
56,32
56,33
56,34
56,35
45,36
56,37
56,38
56,39
56,40
56,41
56,42
56,43
56,44
56,45
56,46
45,47
45,48
56,49
56,50
45,51
56,52
45,53
45,54
56,55
56,56
56,57
45,58
45,59
56,0
56,1
56,2
56,3
56,4
56,5
56,6
56,7
56,8
56,9
56,10
43,11
56,12
56,13
56,14
56,15
56,16
56,17
56,18
56,19
56,20
56,21
56,22
